# frame_index tx ty tz qx qy qz qw
0 0.0 0.0 0.0 0.0 0.0 0.0 1.0
4 -0.0014718296304720197 -0.00019925858386309728 0.0016570508306739777 1.9944242364409667e-05 -6.034533517789174e-05 -4.7042975307555476e-05 0.9999999968738131
8 -0.003689891155201846 0.0002057137064007964 0.005314286396564928 0.00032516622768500436 -8.549116410205005e-05 0.00028004164583944933 0.9999999042674262
12 -0.009563702624867762 0.0011184335659558617 0.016524807141575292 0.0006148508589333729 0.0002368031931765897 0.0006043399237623642 0.9999996003278828
16 -0.020378186428488355 0.0029200317368616928 0.03729112584875429 0.0008385253699454357 0.0007488717121384076 0.0004352676322717877 0.9999992733039614
20 -0.0349896590196132 0.00426265958802106 0.06463039320100715 0.0013419245615288373 0.0013723530097687322 0.00038167969061271204 0.9999980851013174
24 -0.006258842807840507 -0.017106440121217027 0.10832989001736332 0.0010895083667369972 0.0003177104600877517 0.0004993099401470373 0.9999992313602876
28 0.0003172708684405322 -0.031219704596845067 0.17219183725206233 0.0015420057109555697 0.0004347920072784366 0.0002232821321789857 0.9999986916588378
32 0.00019796578366347697 -0.039654182537543714 0.23537419925657427 0.002000126228885268 0.0007230210228861832 0.000160694180754753 0.9999977254539378
36 0.003750207125238533 -0.05415984867859155 0.30580041108011313 0.0022128172613736993 0.0009456360791603742 -1.1098436914223116e-05 0.9999971045403072
40 0.00014313566738582924 -0.05339416707685571 0.3799225331497364 0.003027006002319104 0.0011986628610456858 9.254443955377226e-05 0.9999946959247005
44 -0.008408915259067734 -0.058775350347721626 0.4304497210952312 0.00377475850064156 0.0016803674461262801 0.0002067249753880119 0.9999914423775298
48 0.029329301447546086 -0.045567391948307966 0.5029566234388038 0.0050422639016265095 0.001031212068197693 0.00023746405974208747 0.999986727805543
52 0.06294478672374974 -0.032515087205236895 0.5889344094444067 0.006211949270789595 0.000986049871916475 -0.00021127655832970732 0.9999801971809857
56 0.11249739022767505 -0.03599649598978173 0.6485027692735018 0.00645226071472277 0.0006216968145549449 -0.0009152672495568164 0.9999785718257176
60 0.14821932705638166 -0.03488496217426912 0.6730402684356223 0.006305529469142597 0.00035927409679083726 -0.0015702943966108029 0.9999788224736288
64 0.2116659929166454 -0.014221276525087737 0.6783614722407041 0.006692142777742243 0.0003328764206770499 -0.002730636171196011 0.9999738236796158
68 0.27588734091064937 -0.0035060536762463583 0.6683455337350719 0.0062997809400125206 0.002144830548420859 -0.003812003364618755 0.9999705901137165
72 0.32766284198453033 0.014374833698846285 0.6592065828509249 0.00626300339285294 0.0034617947281204045 -0.004669868147991217 0.9999634908821632
76 0.3724828130494829 0.059100916436486774 0.6789405508327607 0.007789157520898183 0.003940789358349245 -0.004993663757342435 0.99994942998465
80 0.4328093565703065 0.12098902342866721 0.6994988478517209 0.007712759381952946 0.003996609372820391 -0.004912949446645769 0.9999502004519885
84 0.46664861870686886 0.16093371317127464 0.6962700470754114 0.005847528062708844 0.00424295029252412 -0.00476779984984978 0.999962535234677
88 0.46831678001232824 0.18881690774037704 0.6581561636061538 0.0015811150738143992 0.004530564747848986 -0.005640718356431915 0.9999725778013178
92 0.48596059228990324 0.2115856364711631 0.6216334688945324 -0.0028230462988341125 0.005086736070087585 -0.006136854980291605 0.9999642466291976
96 0.47277362090555014 0.23470429847925148 0.6107158386046125 -0.006656166289992869 0.006356651502163107 -0.006329370125641749 0.999937611806763
100 0.4099710635432084 0.23202350915403108 0.6037189066992934 -0.009462380116239223 0.007827037576789679 -0.006709981280227642 0.9999020837044627
104 0.35682110661617344 0.219361338381113 0.6044765356726648 -0.01122473103547613 0.010075690018872006 -0.007262411010124614 0.9998598618157171
108 0.33606359720538015 0.21941957498401995 0.6154499760147425 -0.011139386740715235 0.01234544436125428 -0.007120177212784376 0.9998363901874259
112 0.342959116744997 0.2302678488805124 0.6345639945479766 -0.010289855565007701 0.016212471954364458 -0.0070438533057976685 0.9997908074973416
116 0.3510236469318837 0.23615642934322922 0.6401226560785028 -0.010502053735575504 0.02041867341718165 -0.007121274453824496 0.9997109942845336
120 0.35541821867761775 0.23047782925048446 0.6315659777889353 -0.011280229487522176 0.02281063624310123 -0.0075966570476994335 0.9996472988502462
124 0.38951319725829986 0.22311037293583227 0.6182150260494975 -0.012428348359585315 0.026474628138499684 -0.008831117409152975 0.999533211848054
128 0.4177383344284546 0.2206151509926127 0.6207896065395629 -0.01271066456741083 0.02965003528342954 -0.009788102542843407 0.999431592187558
132 0.4663554321571941 0.2166856443096293 0.6226457996604021 -0.013108427556112023 0.03375160460424267 -0.010766828211265136 0.9992862821653834
136 0.5302753791745537 0.21536807210323966 0.6299462132142535 -0.013004296333311757 0.03855294295992344 -0.01211961065813956 0.9990984305380023
140 0.5858829851510241 0.22031298129703974 0.6644476807371398 -0.01188276204319159 0.04423214566232488 -0.01271253372458863 0.9988697155999039
144 0.6335687345819726 0.23041583156834067 0.6843924994097726 -0.01085814830446925 0.04882830671094763 -0.013189455044079578 0.9986610713123747
148 0.6760024023825398 0.2359442477207895 0.703357614961218 -0.010229363381839584 0.05235923675069134 -0.013702657120317728 0.9984819015082499
152 0.707428376728981 0.22535338158198331 0.7199439426380198 -0.010464197550644592 0.05582564354318717 -0.014087238452697392 0.9982863055283223
156 0.7585003026743314 0.2204147314579975 0.7425518303855537 -0.010663761000777273 0.05891663647002319 -0.013232946532959386 0.9981182311101392
160 0.8023079716355129 0.21935701826256554 0.7581273543035474 -0.010623220600841313 0.06296673742890983 -0.012010787784877195 0.9978868062753465
164 0.8410217069103026 0.21807733042240077 0.7833913976212017 -0.010536940345070847 0.06525558491288576 -0.011262128357164102 0.9977493903735087
168 0.8956977556373553 0.21472620665534106 0.8167784129201282 -0.010568443158272904 0.06726754402066377 -0.011289285746176284 0.9976151249645224
172 0.9213368578397194 0.2235985868440113 0.8445867335802634 -0.009925073326301014 0.06989707898968882 -0.011044245014120385 0.9974436906012513
176 0.9604241904314683 0.23553674182876888 0.9150244794423208 -0.008311940414128206 0.07459505043321699 -0.009799408140876995 0.9971311155999025
180 1.0155052604709773 0.24001352028882728 0.9492772649918844 -0.007876721728128526 0.07685801443064863 -0.008707049206964846 0.9969729134568819
184 1.0446144392523173 0.23441895339049867 0.9635958364897376 -0.008122849516109105 0.07915272754430083 -0.008636028472806324 0.9967919963815185
188 1.0757687305483814 0.224574820864869 0.9842219433116725 -0.008450312415375447 0.08109282903709891 -0.008443434377159062 0.9966349651275341
192 1.1051880479858827 0.22153423500260494 0.9977930005510126 -0.008635808673652283 0.08218115708610632 -0.008125584543639488 0.9965468654831868
196 1.159286253517838 0.2366508784252214 1.0102596104637036 -0.008805597207808219 0.0832815107576415 -0.008252405843264247 0.9964529839493366
200 1.2287988672437962 0.26381924539066004 1.0304283238140435 -0.009435891335802766 0.08516761160545626 -0.008065931681266063 0.9962893066947142
204 1.2999379148759915 0.2729134002825762 1.0774810207285952 -0.010233593043041372 0.08738407296066648 -0.007622120212250501 0.9960929678748387
208 1.377237166504329 0.3159176746458388 1.1825801977500512 -0.00694369437806115 0.08814762057314536 -0.007056051365354828 0.9960582283354756
212 1.4565892510435017 0.3234846491076139 1.2825321111230152 -0.005345320887261937 0.08841910433869662 -0.005673221766272738 0.9960528620948518
216 1.510693822756424 0.28410536008316767 1.3453033569020831 -0.0043909393459722135 0.0886352906471096 -0.002297064873676645 0.9960518201361457
220 1.5654801505441922 0.2439362903464198 1.3618124788410682 -0.0025538247018262634 0.08793270121317595 0.0011865776355395373 0.9961224372888413
224 1.616939115439828 0.200489595691439 1.3585383358473473 -0.0016642034995623582 0.08724125096353426 0.00280175149517138 0.9961818833654772
228 1.6607996825254259 0.18793612092636044 1.3599934868381043 -0.0011182353815769527 0.08656446526843652 0.003568839062693565 0.9962392314550585
232 1.7123366796287058 0.16134275160942896 1.3610862477213561 -0.0016872648825712363 0.08590304369227486 0.0032438148038943008 0.9962967920690788
236 1.7119815919496675 0.11097746950362343 1.3617317747458029 -3.938697737545594e-05 0.08521678976722488 0.005168384335011971 0.9963490276975234
240 1.6745377759044757 0.08176687863605456 1.3832374406776755 0.006008411759520371 0.08341288551060558 0.010287214361810234 0.9964438582978956
244 1.6468407530532805 0.0631015334313513 1.4131991813726206 0.012099583492693345 0.08180601769542334 0.016022384925960875 0.9964460139563024
248 1.5458689672562975 0.014005823653448126 1.4024756433060437 0.01742583218374174 0.08235529217782368 0.021158191275580666 0.996226017109047
252 1.4545125023605867 -0.0779308492512227 1.3500403619644956 0.020776019145363363 0.08250067887533974 0.025076780652032803 0.9960588085478234
256 1.373439076911925 -0.16094595502983866 1.308049850022929 0.024484107456524556 0.08290249196650117 0.027293968940439985 0.995882897015146
260 1.3082327537880498 -0.23188731512736793 1.2698135154859984 0.0289045770031893 0.08276993982001093 0.02880255694762233 0.995732933674355
264 1.2670122643911335 -0.3350457581614116 1.2087217435565802 0.03276312044045582 0.08256160105820606 0.02877897329733815 0.9956314231007682
268 1.2352510637240033 -0.41640381970675194 1.1944247571211457 0.03957149378827372 0.08325517472059701 0.028023877009485044 0.9953478462723294
272 1.20296205448163 -0.4824465704876675 1.193676342866474 0.04671171430288442 0.08440165482044397 0.027991072682922193 0.9949426497344034
276 1.1839451070835594 -0.5235026744415381 1.2043607612683582 0.052810601234411614 0.08399409543601492 0.030075059567539753 0.9946112422052922
280 1.1543206114255173 -0.5635262720303934 1.1756316874510278 0.057735396096639954 0.08340782233374879 0.029736923105369153 0.9943970407313827
284 1.1371027022713465 -0.5656193166236811 1.1439753712970775 0.05901929723072008 0.08316356732213485 0.029307807120449007 0.9943548642544265
288 1.1417469933213498 -0.570501547781526 1.120804094920211 0.05857857478043103 0.08302306359982327 0.028792320420251247 0.9944077251168209
292 1.1401546788101493 -0.5755125564056859 1.1132230119018192 0.05821556780549208 0.0830724035037613 0.028679971368803542 0.9944281686896631
296 1.137899914935725 -0.5844577473856518 1.107114133617768 0.05769832360854779 0.08311309117885583 0.02850923776747158 0.9944598236677922
300 1.1356177682398332 -0.5908932264582957 1.1018558153794964 0.05739732118331511 0.08318829672105772 0.02841502415869694 0.9944736503355377
304 1.1342519198839198 -0.5901718730258768 1.1035127670043128 0.05762076854864636 0.08317144107464755 0.028747699601857246 0.9944525771443458
308 1.1255072484938888 -0.5805554938456323 1.1208827429853832 0.05867218505639558 0.08334753589326116 0.02925688387919216 0.9943615025265755
312 1.1271533591767564 -0.5724382936721965 1.1248609093511708 0.05911710057459612 0.08332438372696947 0.029545169515996873 0.9943285666490956
316 1.1222899602478305 -0.5767204742591099 1.1217602625443568 0.058742037124352 0.08331940227112197 0.029606693513016046 0.9943493822489612
320 1.1236204332799553 -0.5785974314554295 1.1172793031671755 0.058383356928863574 0.08325806463914438 0.0292792477482436 0.9943853397740525
324 1.126914141787506 -0.5884974718144472 1.1073375431636108 0.05763429354139785 0.083113604444555 0.029083310069770416 0.9944468703956002
328 1.1281829713652427 -0.5931765139742051 1.1021277852491216 0.057309344651459274 0.08302121707204771 0.02892741962330037 0.9944779137444097
332 1.1306696412556918 -0.6053036260973073 1.0960029725369667 0.05660692945425883 0.08288205490003003 0.028727708146923308 0.9945355394846049
336 1.128989491361758 -0.6086628428634662 1.0909809346793469 0.05646974389673102 0.08289117164915037 0.028808961402324033 0.9945402281606252
340 1.1213311468803737 -0.6011832794434272 1.1114315774547077 0.0574520511912824 0.08306024699810406 0.029290788414606868 0.9944557842843386
344 1.1432453890019567 -0.587064567202531 1.1163898215405605 0.05814737736869662 0.0825224899505718 0.029420519144939636 0.9944563108607348
348 1.1710922596334332 -0.5771870179073302 1.115750815676648 0.05823511549155119 0.0821998813557382 0.029064354104724837 0.9944883680311517
352 1.215947263327829 -0.577421253222636 1.108098373117893 0.05758750826950605 0.08109232879181162 0.027949584590232956 0.9946489500440161
356 1.2551778185497953 -0.5890247954514771 1.0997695406826171 0.05649307323625752 0.0803105466033544 0.02672006832979974 0.9948089197072191
360 1.2744098435625557 -0.613211883090098 1.0868039103631804 0.05524111792527845 0.07966547286987509 0.026201815137253302 0.9949448709382335
364 1.2746764364434067 -0.6608182496366015 1.0385019278456167 0.056580082440330096 0.07421064854608947 0.026167532957345016 0.9952922857795797
368 1.2648964779834533 -0.6944972155958247 0.9988573434764559 0.05955825353963475 0.06872442836688186 0.02712744354156207 0.9954867498806066
372 1.2402118043664463 -0.7048125893345007 0.9864496420796466 0.06504107608651125 0.06284932607828973 0.0291786639081313 0.9954738701771884
376 1.2251972363958077 -0.7029269128874225 0.9737618841496155 0.06834666208185806 0.05594786021842325 0.03109286283608803 0.9956062497794519
380 1.2166385228269354 -0.7072457021710765 0.9450389991958862 0.07011921827889224 0.04861119383018106 0.032903301456455473 0.995810031991859
384 1.1680714556512186 -0.7553796323258695 0.8856511871830257 0.06970807277224403 0.04339203715160152 0.03237646948638226 0.996097224133172
388 1.0995194092134002 -0.807165272768294 0.8337698598879807 0.07054882230100028 0.038279383540545824 0.03231674405160517 0.9962495573507678
392 1.0238935773059623 -0.8299644302598359 0.8072893633286323 0.07155878211898731 0.032964522308236245 0.030567356823322026 0.9964227605125611
396 0.8530288506818617 -0.8700832189085429 0.8054580191682201 0.07172949926380248 0.029932656510002535 0.026886976467167173 0.9966122643767095
400 0.63839793522139 -0.9134540999374205 0.8063056747194987 0.07152116619379455 0.02705484181103788 0.025524985970277587 0.9967453202358547
404 0.4365369276836215 -0.9094318533895247 0.814357223930165 0.07289626300592085 0.02222599832509288 0.026826621336880064 0.9967308925812787
408 0.27188233514254145 -0.8809962088388889 0.8077013906260163 0.07386347076083452 0.016818394910622262 0.026364956357673077 0.9967779182726972
412 0.14604938109670448 -0.8476997103876666 0.792040095557073 0.07370751860950005 0.011408703931269637 0.025085883322355805 0.9968990629110733
416 0.025752141669742636 -0.8459698828221548 0.7602957181864246 0.07152103567626847 0.00724701145857199 0.02451094475897632 0.9971115463516285
420 -0.05642123208404308 -0.8438800571028294 0.7128765724017188 0.06861059561909892 0.0020337366169259057 0.023901941882839565 0.9973550758172312
424 -0.14200190064118984 -0.8268994620475177 0.6723037645424152 0.0667776600113985 -0.003469520757883705 0.025363748284469488 0.997439415113557
428 -0.22769135871408633 -0.8118523481547525 0.6129214395510048 0.06413702363633716 -0.008636950923581048 0.025459672294045766 0.9975788943058567
432 -0.303651808312158 -0.7849460003676256 0.5557976988620967 0.062221569251374474 -0.013453930253499141 0.026434720038636502 0.9976215082169737
436 -0.40032802912115284 -0.7585490021458207 0.5173874405113558 0.060771597106437744 -0.017473253513243695 0.029018826468155873 0.9975767670245763
440 -0.4771777445650686 -0.6993530189856062 0.5119033778526043 0.06018436694326614 -0.022631204919461287 0.03226775343843872 0.997408874347711
444 -0.5155695154686301 -0.6611783590392937 0.5067409338177621 0.0577788864215234 -0.02698471394021443 0.03486220423410177 0.9973555294945695
448 -0.5632943809711584 -0.6105653888786455 0.5281523970787001 0.05326240022161449 -0.028648271127476994 0.035589406975838435 0.9975348552282007
452 -0.5579443379639625 -0.5404851597277952 0.5575606616075761 0.046327121775425514 -0.029510780359171616 0.03570697022984233 0.9978516542590901
456 -0.5502650793755754 -0.4579455173251755 0.5996780278533448 0.03882192685448282 -0.02913094178330931 0.03577393864165825 0.9981805806266647
460 -0.5481581946946565 -0.3873854819912422 0.6244183270540437 0.03129071961786261 -0.028124148427633965 0.035642173645863605 0.9984786220039039
464 -0.5517191275946522 -0.3275833447332718 0.6547429596729913 0.025384514829155002 -0.02707788767265342 0.035248643123391786 0.9986891145717146
468 -0.5508119889893734 -0.2619274167528418 0.7006261163625195 0.02119982090378078 -0.026525271541941065 0.03604452050837456 0.9987731324503054
472 -0.5509550204347794 -0.184722047332141 0.7510275105456174 0.017804116293387583 -0.025064528997069332 0.03552526689232884 0.9988957594470984
476 -0.5124199162604682 -0.10333767823258264 0.8076403123030639 0.014075971955204119 -0.02456462392737719 0.03582641601148434 0.998956913075131
480 -0.47029201053359265 -0.0373975974875592 0.8332540611915091 0.009070801974700272 -0.023165368032892365 0.035656480903930046 0.9990544037463547
484 -0.4202899702192778 0.02856488225894318 0.8670865714533474 0.0028597429406695407 -0.01998102235146531 0.03398598875369637 0.9992184611908135
488 -0.3575087237254777 0.11235054373662316 0.8824042837314491 -0.002687720307868769 -0.017643258813591488 0.03290920278904886 0.9992989922689668
492 -0.2957390937741816 0.20328854756751674 0.926945172564775 -0.008833129905989947 -0.012832031568158495 0.03138757458759963 0.9993858788993397
496 -0.19107075679588217 0.24754230909033348 0.924244617639403 -0.014782558317349644 -0.009193034402409494 0.029680041892864144 0.9994078542823785
500 -0.12057391953146075 0.3146684424395656 0.9369648229605384 -0.016673395742535943 -0.006025889026631884 0.02833895344903515 0.9994411389638036
504 -0.055596812996452326 0.39678726184879004 0.945265096047696 -0.018100688747150956 -0.004302000608448056 0.027489016630565376 0.999448954085364
508 0.003055756560753894 0.4884239194759091 0.9606911345006993 -0.020155600671750453 -0.002983191333164465 0.027257262697383117 0.9994207792322893
512 0.04500788855411106 0.536924426035188 0.9706305232900684 -0.02342613212311864 -0.002195073493934762 0.026855161145684536 0.9993623958834681
516 0.11575849236327546 0.5686178436858192 0.9676730179075604 -0.026665001025618792 -0.001655006050523792 0.02546493613383441 0.9993186557364854
520 0.18559616348572788 0.6010780754546057 0.9685479680896979 -0.028561872766846883 -0.0006716381360830311 0.024520370159378767 0.9992910085523194
524 0.2505498515155838 0.6133887718634828 0.9719053780140057 -0.029018146114092154 -0.0010332284186850703 0.023815342238367208 0.9992946057640887
528 0.30166021740069004 0.6194879986672381 0.9744227265171359 -0.02930971814203811 -0.0013596129486601839 0.023270846916922872 0.999298533751968
532 0.400477174705118 0.6399947824814043 1.024907948885036 -0.02842585424739179 -0.0009590810269492973 0.02174944195721717 0.9993588008060166
536 0.4862046204373663 0.6754243185176 1.1370846309422733 -0.026166579776736476 0.004820740829387766 0.020359995396309866 0.999438612996369
540 0.5987552942473967 0.7516223251916225 1.2403708460979632 -0.027110485088032696 0.013507072646861733 0.01869718777868853 0.999366297088296
544 0.6764606933679127 0.7898682556535574 1.3444747615487487 -0.033844934599403555 0.025315650657048498 0.01664207988981469 0.9989678069941561
548 0.7134838744359342 0.8225179127074461 1.3745631473042599 -0.03922664318860171 0.03391097505777313 0.016012512235773695 0.9985263720536802
552 0.7237387350169343 0.8518321853114451 1.3736728492312433 -0.04172842238586117 0.03962406521369755 0.016133981830377515 0.998212586001311
556 0.7571782468620276 0.893015950374882 1.352182553563839 -0.04688850502152779 0.04744218976034022 0.015772656879832068 0.9976481995285418
560 0.7673948651675526 0.9152344727379661 1.337113821938731 -0.049089394033383624 0.05209341162630716 0.015479194502825205 0.9973148461725169
564 0.7875564128503912 0.9277882191579586 1.3288112420278038 -0.050104905786694215 0.05601798374279609 0.015515981899186593 0.9970510208706486
568 0.8002743701824973 0.9275747602761701 1.34015449309316 -0.049509319574968944 0.05892013395914518 0.015497770745243562 0.9969137696869214
572 0.8219119268236306 0.933318175396685 1.379405287042978 -0.048713805258568665 0.06142806386877871 0.015536262992663488 0.9968009744571813
576 0.8448777309926082 0.9122480718378361 1.4181212963110545 -0.04882952821118838 0.06393964327174821 0.014902070363040741 0.9966470425842087
580 0.8939459586820997 0.8951754131068038 1.4319318398017464 -0.048941998100211506 0.06631734689142027 0.01393267403494364 0.9965001610223041
584 0.9526152266899613 0.8792530970135002 1.457176438652381 -0.04905387772732362 0.07026279226280494 0.01568887299554867 0.996198131080096
588 1.0221504181772618 0.8411501421558375 1.5085717148173423 -0.04892607445567515 0.07565307824802218 0.017951267479909175 0.9957713607981609
592 1.1238823591252318 0.8107452766827474 1.5561427753715902 -0.048050660050318064 0.08173373885724627 0.019907157764137526 0.9952961544539886
596 1.208822749731772 0.7782347558221858 1.5686546544186508 -0.047909831551024094 0.08823131678281357 0.01964207654513862 0.9947532717254658
600 1.2539984359598637 0.7675080022983264 1.6131248264071782 -0.04524684463832659 0.09325986486607271 0.020440647043574154 0.9944030875876628
604 1.2374621597776454 0.7616547483213614 1.6123115033356454 -0.04512417219030512 0.0953922685095264 0.02169495587038801 0.9941797891138846
608 1.1374306313966391 0.7162459729247226 1.6027273289727284 -0.04490111890012736 0.09253081718480166 0.023263864960314854 0.9944248236944498
612 1.031909211039872 0.6558732198500344 1.5949025592117287 -0.04331698415728821 0.08678202235625232 0.025690495420596926 0.9949535255097699
616 0.9729629410050593 0.5950153729202864 1.6162462624136382 -0.040750531162175634 0.08040285884223033 0.02731184827152658 0.9955545376542613
620 0.9135168470366717 0.5235511700438441 1.643327843379871 -0.03669297909072922 0.07606997934053383 0.028808395002983527 0.9960105721858228
624 0.8511237153488269 0.4413738678203001 1.6555053811484364 -0.0325716766719377 0.07043344484460763 0.03218603235571409 0.9964648890188241
628 0.7254353120012507 0.35439530106615297 1.6512763871886016 -0.02939631021282639 0.06542361620330844 0.03507858170170353 0.9968074540725257
632 0.5669454075575802 0.32964369528775117 1.654889881097586 -0.02535039234819124 0.05830671518056352 0.037719212248353146 0.9972637292110894
636 0.39492028031508153 0.2657794091856562 1.6469671788054336 -0.024114325632550792 0.05175561298534197 0.039798956665496155 0.9975750091457468
640 0.3186138238628778 0.23397416394297985 1.6469462743509853 -0.02162151918833289 0.0440472008768718 0.041427865536968166 0.9979359127518922
644 0.3172814851195887 0.23778748365629207 1.6368006124981747 -0.021121666010097823 0.04172305633602671 0.041413299029252636 0.9980470933069503
648 0.31574537361889266 0.22528079914582722 1.6227609306704367 -0.02248585893353222 0.041015238058782724 0.040955559821802566 0.9980655181473236
652 0.3289283253729775 0.1892107843177823 1.6213428196435697 -0.021321015541150665 0.037292547766119614 0.04115577997146843 0.9982288725299152
656 0.3527215830802719 0.1656912992149439 1.620502895006576 -0.019098312347675762 0.034825532452298795 0.04080711027326884 0.9983772916618396
660 0.35384584080075515 0.15997483625026085 1.6092922574434867 -0.018230907269622936 0.03330408382826272 0.040485773885364 0.9984584989539573
664 0.3552437309411408 0.161612492266518 1.5835207566707383 -0.01722754024558974 0.029804879653422628 0.0412099089832801 0.9985572714709564
668 0.3753673062478705 0.1762527502881385 1.5835808086256504 -0.014554903634588796 0.02610709878586686 0.041508332310540665 0.9986909594674274
672 0.4209425962999121 0.1619095692634467 1.6052056285477934 -0.01360929410256386 0.02454429323329475 0.04122547389328432 0.9987556383250019
676 0.46558603860874775 0.12810238169710536 1.6128257651704578 -0.013704591115059105 0.023148010162347913 0.04057548999197858 0.9988142887543228
680 0.5318684359611253 0.08169065505504285 1.6215906525458343 -0.013333997512421153 0.021329039946329103 0.03900625886534276 0.9989223134631824
684 0.5406988113017235 0.03558303104105055 1.6363873063249126 -0.01198570233678665 0.021302631112326595 0.03854327215023308 0.9989579355604215
688 0.5352824114706968 -0.0041691167463649955 1.646629824152683 -0.010010871426263786 0.02131651488239224 0.03796277277988315 0.9990016098732867
692 0.5277834420352615 -0.040990137845713884 1.6488290658707379 -0.009351282054084862 0.021704875098687647 0.03747259108992474 0.9990181464007062
696 0.49451052782715776 -0.06313496780001944 1.6493438617646392 -0.008286481172575633 0.02352203429103516 0.03801079388872785 0.9989660793443071
700 0.4708179927666398 -0.061501164414564685 1.6887074167071434 -0.004841003531807907 0.02819646942011881 0.038103986271604134 0.9988641599473167
704 0.48881869541418665 -0.056276987614767654 1.6906997467159552 -0.00410001724564462 0.03356196472842881 0.0376274083920891 0.9987196616267491
708 0.5000631224056413 -0.0666680523671168 1.6567501212433038 -0.005565400608848988 0.03780866970855409 0.0370208703079959 0.9985834897356209
712 0.5179362580978198 -0.08270207933866718 1.6261228341240404 -0.006919676486290989 0.04197182370712233 0.03591986552101266 0.9984489207530728
716 0.5477564506395711 -0.09551962666802204 1.6161947834322785 -0.007644913356962822 0.045477940490569 0.03504479930725327 0.9983211779132081
720 0.5869159950807803 -0.1023283202455228 1.6142303260840634 -0.00786386720655612 0.04854676995148285 0.034884980183768684 0.9981805492381695
724 0.691874385101806 -0.10907343207469504 1.6009284584785892 -0.0074400575520549295 0.056056753140339526 0.04040569397416134 0.9975819093515337
728 0.7757497495154039 -0.09792179403886835 1.6109272334857483 -0.006785986801211005 0.06181260265460617 0.0437802159319024 0.9971040292914042
732 0.869538450041871 0.03650794291768566 1.527495583813777 -0.010663564836021502 0.07355165890482913 0.04752183107500571 0.9961014594049213
736 0.9370605263732724 0.1616316207196089 1.350174876210348 -0.01798796382780728 0.08112524237363172 0.0479948454320567 0.9953851631499748
740 0.9639265976661133 0.21926001387403002 1.1576537482227258 -0.025914773575186543 0.08783376035819479 0.04715295987875921 0.9946809807302832
744 0.9945159458692546 0.24515806539955096 0.996655313892907 -0.030871175532504173 0.09137191143406821 0.04622627753546715 0.994264188024159
748 0.9871313294393147 0.27516523836335927 0.8824291984076795 -0.033624127133949994 0.09431628651458138 0.045815003197073184 0.9939189311280028
752 0.9987098773210228 0.27086983218796284 0.7666324258411544 -0.03625217750665089 0.0962311132387646 0.04535324424888527 0.9936641463326306
756 0.9815598584960163 0.2517731545901884 0.6449387904482002 -0.03878651949712425 0.09956337673806807 0.04415703849208413 0.9932939624650002
760 0.98004632289899 0.26534148072028363 0.5184526034443979 -0.04019961385705407 0.10102371972657687 0.038816888332503435 0.9933133686196577
764 0.9557523915187331 0.2740773677021613 0.4073588347666556 -0.041241757659098176 0.10332250165746842 0.03345134254169643 0.9932293721787475
768 0.9333216062487115 0.27046982829783645 0.30189801955383133 -0.04321825497701851 0.10578829439208304 0.028872768484631117 0.9930293965670847
772 0.9114949027461093 0.301707161304246 0.21340456811957942 -0.04435782383768876 0.10674477414869106 0.02814118825025636 0.9928977843565737
776 0.863763173746841 0.2948869984683468 0.08906323878384066 -0.04736233470150484 0.10806617238744079 0.027344485031342958 0.9926382980600342
780 0.8133942563086313 0.2573015371721697 -0.04505433563826229 -0.05211044539594711 0.10962086746144573 0.0258472383089909 0.992269966878689
784 0.7892169636865006 0.26452732327159895 -0.13664485796721723 -0.053622774149215444 0.10958909021512428 0.02504493883697628 0.9922134752345464
788 0.7656386392109463 0.2590162743065902 -0.15457620847003686 -0.05474723746696679 0.10984056382566358 0.024718701085832056 0.9921324389136891
792 0.7784301377167638 0.25595880421623385 -0.16424779940213416 -0.055476808509043116 0.10920623730544986 0.023277753637366966 0.9921967887656333
796 0.8026759851677513 0.2432471101918916 -0.10289658062812583 -0.053459424852548336 0.1082759172703012 0.017460604097438666 0.9925288625215198
800 0.842761645252175 0.25898143171927096 -0.04465798337938681 -0.04995871605720669 0.10473926929141705 0.01160328010248019 0.9931763066289282
804 0.8535612726264719 0.2556464244113675 0.03397831521392152 -0.04797482254111075 0.10028751973809923 0.005515836315755231 0.9937858951185949
808 0.8483466639627333 0.24991005074047404 0.07333917977189564 -0.04802062989848678 0.09317040543141737 0.0009704080736556122 0.9944910019522893
812 0.8347105387279329 0.23909292836610516 0.10085106080281286 -0.048968988674828184 0.08612283903138974 -0.0037742826580502314 0.9950731880297826
816 0.7980937279957891 0.23393815625982695 0.12610348993826087 -0.04890652206646264 0.07863856882014522 -0.0071549238891446 0.9956771236989541
820 0.7780115321931539 0.22334795146682854 0.14973330804610938 -0.0494361561481691 0.07077128840507443 -0.01099097677024514 0.996206148160317
824 0.7847164779025958 0.22808948162051862 0.14619501354788947 -0.049752640159753475 0.06414879080176811 -0.01424434052418865 0.9965975648168302
828 0.7983625538027845 0.23509652814089507 0.1449172508660074 -0.05004314693584071 0.059507620084102396 -0.016908405647884962 0.9968292895050439
832 0.7558695307207529 0.25784304343061076 0.1838801287370293 -0.04808241380449861 0.05655829708321915 -0.017452393110436917 0.9970880876274162
836 0.7225493361446215 0.25404891491495435 0.2162806800408403 -0.04726411457374237 0.0528128203612579 -0.01813554832562773 0.997320415596702
840 0.6431659226952383 0.2274194587570882 0.2199727047402933 -0.04737554108860865 0.048693775325242626 -0.019456180568390786 0.9974998402951384
844 0.4932656084108895 0.18409296168532696 0.16671701900021507 -0.0484876462254992 0.04347325265607594 -0.021151654242466542 0.9976530619357707
848 0.3496956036775147 0.15399727527471083 0.12238619102818954 -0.04993069430509857 0.03893825392816607 -0.022609717427233146 0.9977372093016764
852 0.23027713950186296 0.14987866613768902 0.05314016494576712 -0.05108239932604805 0.03450269220404041 -0.0241081937689719 0.9978070693791286
856 0.09537649990234333 0.12853246567781135 -0.024250018730773506 -0.05230686159889477 0.029181399038476583 -0.024246007220332447 0.9979101008175549
860 0.002692746952941346 0.1072724928051533 -0.06667056046150742 -0.05242127224072994 0.025060998274668247 -0.022476232759245783 0.998057501120598
864 -0.07219755878635711 0.09072749639458588 -0.06777767691239467 -0.05122382343176016 0.023765521600854485 -0.02140987076713544 0.9981748029928454
868 -0.09899343719285592 0.09282872708066155 0.028174699838572258 -0.04714923837928891 0.020229445319970698 -0.02191398014528114 0.9984425353201313
872 -0.12229292934019063 0.09570942876448928 0.13105777893158918 -0.044372871706505224 0.018224452345917262 -0.025933215708760168 0.9985120860140915
876 -0.16752230158259168 0.08279390374036008 0.2674839644766643 -0.04304558385382438 0.013611070118529462 -0.03222193633724923 0.9984605967686407
880 -0.24194187526541755 0.04466806020585913 0.3316555642276909 -0.04334907105921062 0.010235680731365118 -0.03460770904121568 0.9984079303336826
884 -0.32705876474353607 0.017698820744986975 0.3337092912418804 -0.0417244014903747 0.0041867691637799955 -0.03343470026792497 0.9985607973990535
888 -0.4090829696162541 0.001839223249672379 0.3092327279070501 -0.04003225727169171 -0.0021475880196799853 -0.031398075171771414 0.9987026419905669
892 -0.49028859974225547 -0.008168876758056975 0.28671870223373713 -0.03887362488187393 -0.006657919390101621 -0.03085421596121598 0.9987454784655382
896 -0.5431410675941825 0.005916691370506566 0.27883180037470584 -0.037015468373471354 -0.011739545647708122 -0.031317079895375834 0.9987548641563176
900 -0.588335866985942 0.01197206303763483 0.2835301155598321 -0.036172208730553754 -0.01598388754331952 -0.03241778060233781 0.998691731294184
904 -0.6535598981796744 0.00020248131670084596 0.2800481607654501 -0.03627627079809674 -0.020218597651380486 -0.031790430544949094 0.9986313679290079
908 -0.7162438838798895 -0.03418102421471451 0.24927923135792457 -0.036321235367076155 -0.025393399600201393 -0.03028406708718853 0.9985583700509513
912 -0.7671591364460535 -0.054837412213690526 0.20491742112606567 -0.036480859829420904 -0.029743875607194624 -0.029125065628217244 0.9984669144654329
916 -0.8293980767172439 -0.07316318469588551 0.1686158024973098 -0.03630767821118762 -0.03368147670119957 -0.027596858201312642 0.9983915684978295
920 -0.912659366689215 -0.10207697112084278 0.129537704905144 -0.035727813833853816 -0.03744275338251709 -0.026398831117293034 0.9983109061076264
924 -0.9897228224245983 -0.12404670576731709 0.11308353992206033 -0.03307983797174611 -0.04196719882278587 -0.027094001797618204 0.9982035832480879
928 -1.0603216581340846 -0.15507453439917024 0.07042910999158933 -0.029472006659991952 -0.04701365631125948 -0.026729872378333904 0.9981015133072978
932 -1.1152298303554804 -0.1611089414735033 0.023359169274272947 -0.025812622041491897 -0.051328922187642095 -0.0250566931852446 0.9980336729875494
936 -1.164796521163414 -0.1931926841681915 -0.03724672804013969 -0.025429211070916075 -0.055461282510846484 -0.024401475802110613 0.9978386489534476
940 -1.1796809788039606 -0.19984087864592606 -0.0934863958550154 -0.02529885859865702 -0.05963299944971305 -0.023475418470654735 0.9976235652077708
944 -1.1549201693556679 -0.2021032522811662 -0.12333870634142344 -0.025739461887705158 -0.06339727113989556 -0.023985972393615135 0.997368005924633
948 -1.1437647434940443 -0.2033688793922685 -0.14423288658047603 -0.026235839576178307 -0.06547955323907435 -0.02500001274546253 0.9971956218275685
952 -1.1060679642998943 -0.1930326536310702 -0.14552204770811933 -0.025961552002664888 -0.06760144299063003 -0.026070641894752583 0.9970337829554187
956 -1.0391522210929462 -0.18935720944725518 -0.125262038985742 -0.025761792875625415 -0.06979953427311149 -0.027208160064012388 0.9968570966136627
960 -0.9899524896136496 -0.1969401677458438 -0.10415526780660299 -0.02476120815702761 -0.07087467731275258 -0.027162705400852586 0.9968078300864835
964 -0.9390338034624515 -0.17823940775862293 -0.08563461612490048 -0.02251212951102955 -0.07234462447010973 -0.026824535972614014 0.9967647182785974
968 -0.8571706871985921 -0.14409898256555664 -0.06605590889540418 -0.0207050089741717 -0.0745959858201727 -0.0265896594183391 0.9966442351786885
972 -0.8046051528253835 -0.12842225177494845 -0.060516178957163935 -0.02022504537093395 -0.0757498490372424 -0.026369573081656942 0.9965729042704652
976 -0.735213421454063 -0.10694122423722817 -0.054359126356354065 -0.01981027658830638 -0.07767102866608926 -0.026851009082783834 0.9964204873238419
980 -0.6912421710263967 -0.11399435748153416 -0.06091768266457006 -0.020766527134992708 -0.07814161322055604 -0.026984352364339735 0.996360619636042
984 -0.6738341521577456 -0.13563003244168445 -0.052603500806935974 -0.021435985722514622 -0.07849278475936666 -0.026952261239222862 0.9963197061540621
988 -0.6816910578710732 -0.17844176429422096 -0.02166022958636273 -0.020487234688211845 -0.0777062200535907 -0.026021831178163243 0.9964260538955955
992 -0.776727316392349 -0.1989722193008582 -0.004892558725630191 -0.018170749986690028 -0.07455131657106687 -0.025738603275338175 0.9967193433178051
996 -0.8888060008696733 -0.17076801812749223 0.01980208460125132 -0.016291275982925936 -0.07213209053053461 -0.025346626521738358 0.9969398699854021
1000 -0.9274650721760289 -0.14074622256586655 0.03258128249106253 -0.01866530368119753 -0.07096356571229684 -0.024421140273314046 0.9970052089571229
1004 -0.9955981584287662 -0.10533640785314914 0.0575694470814992 -0.023013087408240415 -0.06837929917375495 -0.02294815708936741 0.997129906952273
1008 -1.0352985220891915 -0.06920215933240921 0.08272011081672144 -0.028260010978469197 -0.06666427464963223 -0.023434292614949892 0.9970998346176636
1012 -1.0449053095751721 -0.05668559312732112 0.0839048165618785 -0.029950171095577138 -0.06611990110995115 -0.023835242485186522 0.997077242315874
1016 -1.0554888983744004 -0.03263689888508783 0.08805629103021169 -0.031010094043939826 -0.06490604835164797 -0.02470478660659555 0.9971034311812803
1020 -1.0480198009948392 0.008808365749397007 0.10283323716996855 -0.03390731011870602 -0.06285302387361906 -0.025463159867032 0.9971215669114986
1024 -1.033106902729891 0.03891145968043907 0.10924491443237466 -0.03668976109189053 -0.0606946038608422 -0.026525246129864358 0.9971290978659411
1028 -1.0367279627663872 0.06076326739330414 0.12061113957173775 -0.03791209215011156 -0.058479716866049844 -0.02701278167447328 0.997202640194196
1032 -1.011626250568121 0.08089349740782739 0.12794405232193892 -0.03975492246671861 -0.05731533111076731 -0.02668073074734347 0.9972074195302179
1036 -1.0030452475863763 0.0886826081838898 0.1304802089236192 -0.04177710206633325 -0.055394450291332505 -0.02450171955471766 0.9972892230234528
1040 -0.9772647503727497 0.11104012275670426 0.11568286075787221 -0.043086480892218296 -0.05395381642407807 -0.02409075366171483 0.9973225037296671
1044 -0.9348929911363578 0.12070266063574328 0.09266509452385009 -0.045934232806739465 -0.05166852468899688 -0.024793016093172037 0.9972992109522208
1048 -0.9159979390827354 0.12312195032247006 0.07600992090864983 -0.04848204143388459 -0.0490593514502202 -0.025689736377616717 0.9972876762191216
1052 -0.9104245570886639 0.12308172658888608 0.07344046401727305 -0.04981983535926307 -0.047291540388673364 -0.026020801374077248 0.9972985571574308
1056 -0.8976862152127018 0.11536521248203378 0.07545051005363516 -0.05026751810440858 -0.046402506020118583 -0.025672786496752552 0.9973268732427539
1060 -0.9049564301125231 0.10734198452897581 0.09277241832369262 -0.05022520002036167 -0.045069212135557105 -0.025329126293739294 0.9973989326049987
1064 -0.8907994471331608 0.10468438538352388 0.11055540086269468 -0.04981143990953459 -0.04473553693500668 -0.025192693150215075 0.9974381586850959
1068 -0.8834924323048364 0.10249974040449507 0.12498636708754507 -0.04955743685083997 -0.04418938310698794 -0.02497779033490156 0.9974805606443589
1072 -0.8794738604544468 0.10103493479896314 0.1299706569323225 -0.049459339129531384 -0.0439589035092484 -0.02507041464559742 0.9974932896439116
1076 -0.8493081678939669 0.09420548271997872 0.14660612105875817 -0.049817747604622306 -0.043992024742264435 -0.025726082515710774 0.9974572985652433
1080 -0.8225670526871467 0.09580828029497573 0.16034544939361428 -0.049781394606432126 -0.04339891423319395 -0.02628897843225754 0.9974704189134667
1084 -0.8108162982679307 0.07781604383196235 0.16783333836229972 -0.050230592305119184 -0.04207380214958077 -0.026605024956440827 0.9974962934349291
1088 -0.7903764019450132 0.07779069597569073 0.1687333735192552 -0.04973587543995966 -0.04156309363792813 -0.0269422055834255 0.9975334427976669
1092 -0.774076331081694 0.08273860631349848 0.16859634004141977 -0.049344063693979485 -0.04125809436869435 -0.0268607132790146 0.9975677596581453
1096 -0.7129881012020047 0.08577739783588094 0.191173391357984 -0.048535360120460315 -0.04229051402717987 -0.027008227546113248 0.9975602171729341
1100 -0.6305534026457025 0.07324773919438016 0.29098298997366123 -0.04730329100382415 -0.04102394369131234 -0.027604836650694232 0.9976559565790744
1104 -0.5456273788180922 0.042949813401667626 0.3514105389817722 -0.04682306124487195 -0.03860940415521105 -0.028732336065172757 0.9977431371403547
1108 -0.42175374358221823 0.014643603567973217 0.38828914253275065 -0.046327667785021606 -0.036311900688504095 -0.02979818449063711 0.9978212571733731
1112 -0.27655860409174227 0.008242781710952309 0.4848899727607202 -0.043186980403890345 -0.032247953709170864 -0.03188157339147185 0.998037333712146
1116 -0.10455924390005845 -0.010926327907690162 0.6544423977163771 -0.039282387147861544 -0.025156828517421792 -0.031952847791906866 0.998400242165885
1120 0.08571002052380193 -0.032446206899466264 0.7551657853828938 -0.03639902614633229 -0.017214308702979787 -0.030707255841691705 0.9987170985369931
1124 0.2830695691213955 -0.03193658515631533 0.827994454079968 -0.03217784194031306 -0.008092127152394669 -0.030378747999500674 0.9989876053466311
1128 0.4259973950376357 -0.028686843375924552 0.879173389003442 -0.02826954474531444 2.8663711912701028e-05 -0.029274061291318036 0.999171587543299
1132 0.5645894728725511 -0.05368910742120485 0.9426871499396525 -0.025893717092244455 0.007795153040181768 -0.024941434770182933 0.9993231088270859
1136 0.6931849909246633 -0.07547445850506561 0.996364769159368 -0.024304589146194572 0.015335641519496545 -0.019457114501268705 0.9993975814163775
1140 0.8386446630609695 -0.12036414784126319 1.0661109874816017 -0.022209975669655255 0.025111210954749885 -0.012089195387207728 0.9993647959679335
1144 0.9381285017927441 -0.16856206541013216 1.1052158461009272 -0.020364337482288043 0.037135392619282045 -0.007991461961130835 0.9990707647157147
1148 1.0424226247260269 -0.20118107127864138 1.1334675453354661 -0.01871956890582526 0.047547585413712755 -0.005762140208998572 0.9986769260384049
1152 1.2390576071991521 -0.2336655915245562 1.1930998273965023 -0.013668733067635658 0.06564285192487107 0.0028210623443237453 0.9977455704410543
1156 1.376300769307886 -0.2595863056886444 1.2393304245019396 -0.009896062905218515 0.07795686435494495 0.007574405285333693 0.9968788409949797
1160 1.4775439157000991 -0.3134789663024059 1.280463890275327 -0.006383433091445399 0.08658850180817683 0.007570056815882136 0.9961949494834768
1164 1.516430800415006 -0.3487745956293069 1.2986434501764967 -0.003193567594370554 0.0908997863951325 0.00629537433326144 0.9958350256048155
1168 1.501367282624892 -0.3779074107066182 1.3055384630297762 -0.0033333872537986927 0.09206103743808375 0.0058949124862309014 0.9957303369497285
1172 1.4948600427540975 -0.3936461662098545 1.3083596592458644 -0.004015740776539751 0.09188023922310873 0.005784706118745641 0.9957451645081886
1176 1.48047791090229 -0.4094930784371877 1.3312945815078447 -0.0041841789758625585 0.0917096182560359 0.006236111285745783 0.99575747523263
1180 1.4726875536141693 -0.43161736968606396 1.3612014612487189 -0.0041375363888616614 0.0912088866544516 0.006287347582094183 0.9958033385404309
1184 1.4534299645408906 -0.43888895837828545 1.3555033122523195 -0.004108803828726078 0.09030639958713307 0.0067867620308787804 0.9958824286962003
1188 1.4425696062253082 -0.4478318330182807 1.3557188490730663 -0.0038630769677556877 0.08926859389024831 0.007178471745254289 0.9959742287452029
1192 1.4388969407702281 -0.44720943104835154 1.3753306912894612 -0.0029386856780986804 0.08878417063635445 0.007679976355509287 0.9960169442002876
1196 1.4437413786252635 -0.4409983993057123 1.3843163677153987 -0.002420942350911197 0.08863893537444083 0.008072009427592544 0.9960281727128104
1200 1.4361644293107105 -0.4439918511949824 1.3876268741516913 -0.00270404962388225 0.08891503522689388 0.008094552280689062 0.9960026520294044
1204 1.43891833164853 -0.4482325165652745 1.3800173396263382 -0.003187410439007824 0.08870031841536805 0.007761000196343954 0.9960230222257204
1208 1.4432620129354186 -0.4602156052796912 1.3728232315697462 -0.004045664213168449 0.08842756763725683 0.007509976061396101 0.996046082338759
1212 1.444222083142866 -0.46259241114529714 1.367651686192632 -0.004260417842510613 0.08836322649243326 0.007614805425192587 0.9960501010400986
1216 1.4443857003752583 -0.47123802959916433 1.3619950867782615 -0.004825960081380569 0.08826878983196364 0.007475971672758094 0.9960569465138235
1220 1.4447641420462842 -0.4766165694264003 1.3561079799228462 -0.005157763024513211 0.08811124157968532 0.007631357392533708 0.9960680543879603
1224 1.4357919112872204 -0.47177541910968696 1.3698868075627673 -0.004357026171044871 0.08837720168799613 0.008076501167012862 0.9960448065592448
1228 1.4404966922042162 -0.4651830633439305 1.3730872647173409 -0.003885151474803707 0.08815138180096141 0.008295886901617972 0.9960649666287409
1232 1.4371931326824396 -0.4632429233409721 1.374767403977975 -0.00397234673539727 0.08832263604094504 0.008574333120032293 0.9960470938844905
1236 1.4441542527950118 -0.4597888197471635 1.3718528475889287 -0.0040548861854663425 0.08782706956242611 0.008454840366185434 0.9960916019244825
1240 1.4776782902169383 -0.45661499090621127 1.374015569858247 -0.004361143682593454 0.08714255698346088 0.00739720975897902 0.9961588409866902
1244 1.5275812482609716 -0.4596048410019893 1.370108325622835 -0.005074487802229063 0.08600032793135676 0.006556577234669083 0.9962606107159963
1248 1.5823426620247938 -0.4544464213024636 1.3704062393415408 -0.005120803471245552 0.08474516612693019 0.005414170548222932 0.9963747893976457
1252 1.6248157921405757 -0.44968104667578823 1.3751230617789467 -0.004999507026215343 0.08363050188218475 0.004795439861288996 0.9964727531854374
1256 1.6584071250244743 -0.43816974802777775 1.3899531959852816 -0.004015954088433406 0.08296655494202047 0.005109482580114934 0.9965311415412845
1260 1.716059968495018 -0.4103960232378041 1.4071561891058395 -0.0025926236747006873 0.08167570588104739 0.00503086590419053 0.9966428887819188
1264 1.7513858962817184 -0.3934513615475587 1.4153284550177363 -0.002003375075681518 0.08105809501252942 0.004772566963927414 0.9966959387525469
1268 1.7952935667983163 -0.39270215349584053 1.4066803996826864 -0.0025729851178500967 0.07964248039835316 0.0036820353611835468 0.9968133715391163
1272 1.8757396420193384 -0.3930587299303582 1.4063262118724822 -0.0032487746056772005 0.07748003480985971 0.002284731605831107 0.9969859927155015
1276 1.9289028114254423 -0.39737795010973714 1.4073629802366223 -0.0038450815887655764 0.07634181366633991 0.0012356445055586327 0.9970735258828034
1280 1.9232909619211214 -0.4103650424633209 1.4045888536621023 -0.004530072445847324 0.07683622787940049 0.0009081467199271466 0.9970330224212413
1284 1.9190355998271902 -0.4189908959782501 1.3984035769608338 -0.0048763429483205285 0.07706473378589257 0.0004394107599339173 0.9970140696119308
1288 1.84609473187495 -0.41860847817848723 1.409849897437502 -0.003934708569929095 0.07916307426840667 0.0016580806193770684 0.9968525349867473
1292 1.759584562916251 -0.4221025423849141 1.419833026380058 -0.0031567369015580537 0.08114693392162439 0.002928315951938257 0.9966928489223446
1296 1.688387739878344 -0.42727562370330363 1.4147196305047918 -0.002967560767157127 0.08221988988569709 0.004537315779631219 0.9965994662128778
1300 1.6452925551050588 -0.4420434521390525 1.386045144119736 -0.0036273402263545733 0.08195336441349259 0.005179707708108955 0.9966161041706331
1304 1.6058321206946096 -0.4627085528947327 1.372977905406838 -0.00469388872204981 0.08278167795514574 0.005377972311572064 0.9965421409139764
1308 1.5313318850672084 -0.4922306606343155 1.3694375399364112 -0.006092767307793136 0.08599041630976965 0.004421776270097051 0.996267521494113
1312 1.5318889942818148 -0.48787394802026013 1.357171595236761 -0.005624189524413406 0.08490765534170237 0.005420439730101204 0.9963582073680632
1316 1.532092682641572 -0.4869557856831063 1.3545052748648956 -0.005554325047281465 0.08469940376963789 0.0056803159290928955 0.9963748764823823
1320 1.5320594800401874 -0.48698746053377095 1.3546224128187065 -0.005553396362641336 0.08471269662099408 0.005680536461168515 0.996373750319403
1324 1.5321226238733983 -0.48657704208002855 1.3530973815733598 -0.005493684081423943 0.08450244870680397 0.006184452951663279 0.9963889341715192
1328 1.5339100000487365 -0.48378707268430526 1.3403405814621825 -0.004551597667269582 0.08289700904748981 0.008322816039996192 0.9965129701026575
1332 1.5354178637523792 -0.4801547607550802 1.3286775548943273 -0.004444684483812404 0.0822491545167586 0.008656282204946457 0.9965642930285562
1336 1.5359149503180893 -0.47896310608033305 1.3247426601209422 -0.004640490533028805 0.08232327760947371 0.008222152645525107 0.9965609564984572
1340 1.5365747625264503 -0.47724562368779927 1.3192246949025639 -0.004653078452295623 0.08230290445268662 0.008318096720605031 0.9965617843598636
1344 1.5370564335368495 -0.47577285508180206 1.314960379601296 -0.004612356933571118 0.08214606112880983 0.008262766743828233 0.9965753747159701
1348 1.5410257720331133 -0.47597666960854984 1.30420725159747 -0.004643364332800943 0.08178232922337679 0.00836107719791866 0.9966043257896097
1352 1.5481469134755395 -0.4856505362529212 1.2892831215115375 -0.005340660013772282 0.08131114297497015 0.008532437722446306 0.9966379347010798
1356 1.52132459594648 -0.5073700888689423 1.4256746269353675 -0.005667039146370493 0.090190606194053 0.011763493826635014 0.9958389224340719
1360 1.4565456327604405 -0.5429452399176292 1.700870445277515 0.0029110941203290878 0.11273527381965369 0.060105648408329534 0.9918011870315767
1364 1.862761425211214 -0.4963898851760227 1.6420381970704336 0.013881396935163269 0.10617819930902715 0.10842633438198407 0.9883204069648198
1368 2.0656930365542663 -0.4998531678923149 1.7858712828289016 0.017625414838159714 0.11062798530695925 0.12796217565861442 0.9854321261352402
1372 2.1977089352092873 -0.5960990671326145 2.066100688848805 0.019003453532072497 0.11102579611216747 0.1266610269519018 0.9855298704772999
1376 2.1888118950923774 -0.6641851777209107 2.1644710575054265 0.019841036665308613 0.11116752408733487 0.12557520467964287 0.9856363339599467
1380 2.136729992535988 -0.6545571666618276 2.1226465233406877 0.019956107906252685 0.10903005517035254 0.12643749662833262 0.9857625273224501
1384 2.1059982662620658 -0.6544519734973516 2.1237355008268644 0.020217806189864133 0.1096583482066723 0.12668630209234744 0.9856555523323651
1388 2.1170063037133184 -0.6494926215365158 2.1600757085799165 0.020967728968598387 0.10976057375829804 0.1266369531723923 0.9856348476395109
1392 2.1768368137254295 -0.6562901470362815 2.149311580427677 0.020330271224926418 0.10790120869789482 0.12680040433908613 0.98583247394925
1396 2.1925754312140513 -0.6233044090419485 2.1742925799544524 0.02125974400669924 0.10881338837460534 0.12515006357661587 0.9859234916472859
1400 2.2275654851827924 -0.5916350090332486 2.1918302820488558 0.02245699978288241 0.10839586532055376 0.12412285451518186 0.986072784600185
1404 2.4325009687455403 -0.5578009155494728 2.123213881869423 0.017589483494887415 0.10636314929766867 0.12027556610332486 0.9868694334816485
1408 2.6525990534518042 -0.4074939606383044 2.063459329422275 0.008783688767636466 0.11729298054686584 0.12524756627204858 0.9851285452513263
1412 2.785570936640323 -0.3738852082839574 1.9842951235206792 0.0024880118484929136 0.12248668105316445 0.13199687382549835 0.9836501654866519
1416 2.83854398346881 -0.4397042489002954 1.973422013832966 -0.0018147066542672596 0.12296069145350437 0.12950569959489977 0.9839235991526327
1420 2.874283116575122 -0.42630412547123003 2.0108314210023694 -0.0007731196938990365 0.12218396304039324 0.12967594083899087 0.9839993047910173
1424 2.9190957933694106 -0.40631668056001247 2.052946565941803 0.0004348831642211325 0.12135356465165303 0.12932213972747195 0.9841488238062771
1428 2.9140736464650776 -0.4092371648361714 2.0640810983630398 0.0004043239947889682 0.12187362016974619 0.12928990928853715 0.9840888052330388
1432 2.9238750919655327 -0.414259954878184 2.0590970501042376 -6.71418936424907e-05 0.12118359061586295 0.12874402185169215 0.9842456551567114
1436 2.908596989229416 -0.42304798464451854 2.0537837033129067 -0.0005325613392871062 0.12154016252978135 0.1284751562657707 0.9842366785957227
1440 2.8112273170377478 -0.42465503665841553 2.0488095054073887 0.00012868934055878484 0.12381834217209063 0.13033836951380526 0.9837077365830217
1444 2.722073779200911 -0.4314110725541515 2.0371905292426296 0.0003874787655452534 0.12603866685052095 0.13154474356942886 0.9832650124752751
1448 2.6564669190756396 -0.43659618810218964 2.0288442975972427 0.0006973734620957895 0.12765922650907682 0.13271964180130907 0.9828978239051558
1452 2.6106900480139643 -0.4199585686434371 2.0125302639588933 0.002566248427937641 0.1270460198142198 0.13638993821154408 0.982471632146711
1456 2.570766253285493 -0.4028343650998435 2.024240680875092 0.00411999657264849 0.12797158605394332 0.13743133881347594 0.9822010618519078
1460 2.5638705165785067 -0.40144923359021367 1.9997145111545516 0.003851408176569001 0.1273488975857186 0.1386161325902097 0.9821165881525946
1464 2.554561402128056 -0.41678163262926826 1.9662403369091654 0.0026931863100238713 0.1268847707248685 0.1384587330894088 0.9822027188604564
1468 2.562963676454333 -0.42534685908025416 1.944556529150063 0.0017969617303435377 0.1264904145774016 0.1379874308751934 0.9823219507213715
1472 2.5675479997586974 -0.43257059528287717 1.9265390746684699 0.0011480504643764542 0.1260805625286312 0.13814747950979453 0.9823531175894369
1476 2.6032297253496792 -0.49190939252785404 1.9237986653223043 -0.0014675908785868504 0.1252427819677788 0.1374605471175954 0.982556201816525
1480 3.1019795493560345 -0.573166899430214 1.8721865962380746 -0.0070776799615474275 0.10759196927992615 0.132968353093421 0.9852376828301141
1484 3.720955656167278 -0.5305428565036969 1.810567070279683 -0.00877517900638168 0.0854907298211319 0.12575568114683522 0.988331847107717
1488 3.5899262743874623 -0.6983327382586364 1.7559684295889175 -0.014749586209750407 0.09046841830016056 0.1279788459634834 0.9875319387152819
1492 3.736209127459996 -0.7313598666407061 1.6914441755336822 -0.017186601880354115 0.08525613191497172 0.12656090098608355 0.9881388318593162
1496 3.9433029547036687 -0.7117148235203491 1.632718779108945 -0.01806161539812852 0.07778148431963239 0.12376406169435418 0.9890936638049811
1500 4.145094921873098 -0.7198418772305938 1.5729036940671415 -0.02001448065282278 0.07079006042132899 0.1210953771427301 0.9899111563895026
1504 4.284087113947755 -0.6746119091744966 1.536759729560373 -0.019367980173660083 0.06598847859514317 0.11861006833105983 0.9905564364170234
1508 4.389508825535015 -0.6422067762172797 1.5109523466928843 -0.01897434433594292 0.06258638306158383 0.11646722881965943 0.9910390020192741
1512 4.365605425401774 -0.5922845439029983 1.5165804716328162 -0.017075396416511554 0.06408425469877216 0.11470440668933628 0.9911834029194442
1516 4.19021683472369 -0.4600643649985521 1.5464403791853636 -0.011066773550215856 0.06978557606613704 0.11606273970614182 0.9907254616432395
1520 4.05222999896186 -0.3231697869341202 1.6016545000273625 -0.004665564392822919 0.07398996879399723 0.11795045917079348 0.9902481538524365
1524 3.8555631237350716 -0.09027173296061698 1.669792234900543 0.005481590683146226 0.08037098011956643 0.1195453831565374 0.9895551319073431
1528 3.7654129250332233 0.0867116997314818 1.7298677712361785 0.013074087208552675 0.08351824539774054 0.11825254382557529 0.9893786468325089
1532 3.484969496035664 -0.08906702683675925 1.7768630466246453 0.008154997072128141 0.09395713489926577 0.12259820260620198 0.9879651985480074
1536 3.3239933580457857 -0.06999706334964778 1.8649364594417335 0.01024821804214677 0.10026833885117298 0.12380572317842455 0.9871744410990664
1540 3.3545370663752787 -0.08781175926236466 1.8721423073456689 0.00947870695997329 0.09919816143270603 0.12444678169683537 0.9872096420761083
1544 3.363158619962871 -0.08736364844236076 1.9127930886474045 0.009850189224205797 0.09944889824930976 0.12420252534355888 0.9872115391888044
1548 3.3514549960495983 -0.09451283113952043 1.9708506721821064 0.01028622536517126 0.10087261327850819 0.12457835107731094 0.9870152703484174
1552 3.3234904741662006 -0.083869702200605 2.0564079900606833 0.012298879805555192 0.10258766794896505 0.12574634031267085 0.9866673025079382
1556 3.3187573807225554 -0.07963643364182278 2.088859321110349 0.012901286308314067 0.10348384547898516 0.1260388883054667 0.986528686441096
1560 3.335353484402003 -0.0859894284849669 2.102118309193672 0.012470843791975685 0.1040293533702867 0.12476529596656825 0.9866387346008927
1564 3.3710015079550173 -0.07588559529180236 2.1426212645624965 0.013145996833270958 0.10344116818094592 0.12353897941586837 0.9868461015059574
1568 3.3634039644708786 -0.09454587883437426 2.220014784590893 0.013159143586848044 0.10479504231625693 0.1237151994722363 0.9866809947827815
1572 3.3358086853819806 -0.1126538591381138 2.292038762978796 0.013050479107170991 0.10696123868164008 0.1240801036293718 0.9864041292989841
1576 3.303740910491307 -0.11094431938947384 2.315013756771768 0.013597739505132043 0.10819154566643044 0.12432190821237919 0.9862320994903239
1580 3.273637519830769 -0.10137319009189397 2.338437335810468 0.014670448197500444 0.10906639334823141 0.1246484427170564 0.9860791375543375
1584 3.1655865425620964 -0.15378899271288363 2.2806304850291257 0.012810163262334537 0.11247850614623593 0.1261560016684439 0.9855298821524059
1588 3.1651472080399525 -0.15509346604977547 2.285873657436472 0.01380945252559487 0.11103690267087696 0.12710708911251256 0.985557655930664
1592 3.169338107150569 -0.14748949294365993 2.254964550784736 0.014040998926157509 0.10980015112326427 0.12763208397698841 0.9856250952071761
1596 3.187179838631652 -0.12381416757356804 2.1234565093309574 0.012981653884651612 0.10771346714203255 0.12600342339454126 0.9860793187931269
1600 3.1999721474743206 -0.11275132045453853 2.029100093185555 0.011937820789675693 0.10641958455884482 0.12500313649634598 0.9863602670034881
1604 3.221526450963906 -0.09917536056196595 1.930610212325118 0.010939117829865888 0.10464644920325215 0.12452341844944728 0.9866222046092006
1608 3.245658888360031 -0.08175910732021964 1.8580744767323039 0.010458898070956577 0.10303864541974461 0.12395296113887584 0.9868684372428322
1612 3.2541589967910958 -0.08888919777936212 1.854577602913591 0.010220994024774466 0.10237131772910205 0.12423626689188876 0.9869047545616143
1616 3.2301425786039295 -0.09498506714036459 1.8549875329997405 0.01052910491350234 0.10284890670045573 0.12547515059399678 0.9866951033240488
1620 3.215640991229328 -0.08776075043143289 1.8454302787082932 0.01115585168888889 0.10290729137149053 0.12654898429962885 0.986544976637361
1624 3.209559042029874 -0.08412906329764422 1.8674377165132516 0.011947470413725006 0.10258107041014024 0.12828260602957242 0.9863457583091664
1628 3.2226237386502614 -0.07097561924234416 1.899400933757821 0.012714971972344955 0.10194717924724925 0.12813906586063675 0.9864205401002328
1632 3.2255963838460486 -0.06578501859477894 1.9329288896571177 0.012988346171695765 0.1026162084353868 0.12694390169441985 0.9865021350471914
1636 3.2252227894770606 -0.06466325976619527 1.9117292591815138 0.012547356026939085 0.1027713338665307 0.1258809739572536 0.9866278919570441
1640 3.223259676519363 -0.06338164800073971 1.8961808346455276 0.012310572412609916 0.10275652058623096 0.12571305086260404 0.9866538279086042
1644 3.224226725217277 -0.0609004285410782 1.8734637887802315 0.012090485748845152 0.10247926227497606 0.12583603222459877 0.9866697086421085
1648 3.2298532367888373 -0.05789152277255446 1.8590693413990311 0.012159328829958276 0.10227925062722895 0.1255717352540446 0.9867232869040974
1652 3.2342258294076207 -0.05731744928266037 1.8515514314619077 0.012318460920596009 0.10221666980117283 0.12565233247147997 0.9867175377380207
1656 3.2453812475164105 -0.05154268299174636 1.8568417458008843 0.012583156039428332 0.1021066755217124 0.12564286470583946 0.9867267917445544
1660 3.2509239118890143 -0.03656232557908931 1.8550893847321388 0.0131814892117191 0.10161054500227899 0.12565501957511524 0.986768646412156
1664 3.259414807166213 -0.030327877775533 1.8483629419119962 0.013221924232588342 0.10133706789149267 0.1250305600142135 0.986875543548058
1668 3.2785289071249313 -0.010317037322359097 1.8391291609436589 0.013602954951654814 0.10087701358324322 0.12447516200753841 0.9869877009316309
1672 3.2895358072050898 -0.005175863338173747 1.81931671840253 0.013414618972737269 0.10074285987193601 0.12353432399109024 0.9871221783440508
1676 3.301832139422191 0.001451962427578366 1.781165864471261 0.012978990277529384 0.10032135889713904 0.12292019478097384 0.9872475862089585
1680 3.303225481595164 0.0008600718539821094 1.78526537726261 0.012940110793677668 0.10051860700062516 0.12256578437939303 0.987272096070159
1684 3.2993548777748885 -0.002612970167003005 1.817953338857428 0.01348104584529982 0.10121256503976775 0.12305982545364604 0.9871324923435081
1688 3.2957355290542565 -0.007686891231167157 1.8675632247352631 0.013980082225331234 0.10204358792658359 0.12389714191767112 0.9869352368259404
1692 3.291768762197689 -0.01120843034004866 1.9172674770045786 0.014387460596357728 0.10277163383222813 0.12444025940058427 0.9867854954838756
1696 3.2872987186618854 -0.010877577845057863 1.961951105987783 0.014759028334974986 0.10348514053797946 0.12423212667712424 0.9867316633572275
1700 3.281010828531987 -0.006842124468889393 2.0223578847067114 0.015512262348347917 0.10415240831495037 0.12470369241946933 0.9865904087593707
1704 3.277344312887991 -0.005930116340889268 2.103744672142287 0.016450396376711293 0.1049838206166823 0.1256370322779595 0.9863686521722801
1708 3.278558874925162 -0.004211296041217699 2.1559235181776075 0.01707652590909482 0.10566585520446511 0.12601249275366397 0.9862372792471357
1712 3.2807520594740978 -0.0022814019849914627 2.2248046293731663 0.018030460789778286 0.10660843280562765 0.12636207202217414 0.9860741205876459
1716 3.2854412000430533 0.0026802194843436253 2.3035728684141588 0.01995944538886913 0.10750754422503785 0.1275493432100287 0.9857864441759993
1720 3.2846712093650106 0.004322233974658516 2.366688496913853 0.021250243715551766 0.10878775460365696 0.128515889713936 0.9854934386800145
1724 3.2842408202334283 0.004513600350554246 2.400500123903228 0.021632931546700283 0.10962314005839205 0.12888880113366452 0.9853438285079785
1728 3.2944754545981976 0.013516412408141713 2.4090595605065115 0.0220810456128417 0.10920609866122104 0.12834442087692743 0.9854512494637192
1732 3.297382616051347 0.01360562204955722 2.4174704222106826 0.0221514543631161 0.10951587453015992 0.12779927031868132 0.9854861403396324
1736 3.3012555420895455 0.015034370620319147 2.413807397622032 0.022489954920048315 0.10951651558702054 0.12677677098318232 0.985610463154917
1740 3.3051383216818877 0.018234038008138453 2.3936068524316623 0.022909657975119076 0.10879636226954242 0.12615663359664245 0.9857601142914741
1744 3.306527307789677 0.019311632085146902 2.3803276116163454 0.02307665554720613 0.1081390232420142 0.12604425770463226 0.9858429209162618
1748 3.307342986973803 0.020607587167155147 2.3670475336525314 0.02346674887016846 0.10723787078024004 0.12673427099011048 0.9858436870643288
1752 3.307616784243895 0.021902811976457524 2.354749705360574 0.023759160983133902 0.1065009310098125 0.12775383439789226 0.9857849723748363
1756 3.3075471323989745 0.02280222772840214 2.3476877552301465 0.023767480235011178 0.10614676341360556 0.12831068763616424 0.9857506474450975
1760 3.307725947935397 0.02320424372332462 2.3382517000848577 0.0234412649275471 0.10564741175322948 0.12818713708116727 0.9858281743667981
1764 3.307389930063629 0.0233122955948413 2.3340842121368723 0.02308470985482334 0.10517233034218146 0.12827124464250156 0.9858764450473381
1768 3.307371825012081 0.02345685336254924 2.3315714660785476 0.023043698883126462 0.10490157586815588 0.12829066983055631 0.9859037231680325
1772 3.3073510615761545 0.023459247056807107 2.329662574688804 0.022856638984463978 0.10486986726029776 0.12820941590862525 0.9859220205815014
1776 3.3070309985348665 0.023223026789039987 2.3308113126671115 0.022879704945170186 0.10470387914433765 0.12837524638677325 0.9859175487376646
1780 3.30606004093517 0.02269202909620128 2.330135086822903 0.023006547258001577 0.10460486713844619 0.12874064315220587 0.9858774606181895
1784 3.305169675209789 0.022516726102506407 2.3276803899166083 0.023163488501959685 0.10458188074014203 0.12902485983905715 0.9858390682889301
1788 3.30428988529446 0.022378477271065216 2.324022032391278 0.02310329149741061 0.10449439915198727 0.1293276003782369 0.9858100883274922
1792 3.305137356478914 0.02123237416891428 2.3476005869978107 0.022233990244911614 0.10574934336074727 0.1275467753574311 0.9859282662306021
1796 3.3050496411958212 0.01661212891285103 2.4265735508325488 0.019630645043991028 0.11149817561435095 0.12443156646577729 0.98574823351437
1800 3.3033663376983187 0.01420100767496673 2.517001871670676 0.018045168598316348 0.11851106578270429 0.12273734971089714 0.9851725951137957
1804 3.3060477687262395 0.013961418482721215 2.551643759084693 0.017727454288443766 0.12462783286027737 0.12258888089031693 0.98444177426756
1808 3.308135017755333 0.012813148669725162 2.5600540607382376 0.017575698390207464 0.12802869234036335 0.12395719884027506 0.9838365522887353
1812 3.3104828309012646 0.012553014515197683 2.545004862447622 0.017055152908945354 0.1287849613642955 0.12735853005894518 0.9833124428719866
1816 3.3121596149150676 0.013859101854662284 2.547845994299254 0.017449843879848097 0.12908922518634913 0.12850704224117537 0.9831161757309161
1820 3.3140877209957234 0.015613841802979584 2.5511624888397937 0.01748029248790792 0.12962286492374694 0.12853250681730788 0.9830420880891906
1824 3.314708247698181 0.016793012077345994 2.552585069650471 0.017343268568621242 0.13019374890270732 0.12845268433169804 0.982979504704954
1828 3.3150920887791644 0.017381792418792022 2.5530700100268184 0.017178479011971292 0.13067070280949603 0.1275297906793674 0.9830392768223375
1832 3.3160415243098633 0.018210783295639875 2.553586666609555 0.01691961177621021 0.13117387108984982 0.1268283080357326 0.9830675066145962
1836 3.316920505316886 0.018843245042544098 2.554623043933993 0.016672029731448258 0.13172336083876499 0.12633678321841707 0.9830615529253481
1840 3.317030219655517 0.019045281045506367 2.554556181477134 0.01644302248665476 0.13231310199974397 0.12562442537047808 0.9830775014214524
1844 3.3177698014995562 0.01942927445443606 2.5560405828659896 0.016383041129036893 0.132672084959163 0.12590867323951913 0.9829937537131235
1848 3.3181592653465635 0.019631968494968094 2.5566850513063706 0.016616445185468273 0.13294107342412642 0.12620659809288765 0.9829152859448568
1852 3.3184230384839832 0.019781294844976524 2.5571854664796634 0.016539043957134018 0.1335338981924759 0.12589335650000424 0.9828764016129741
1856 3.31890984119891 0.019985342907107965 2.5583167029966116 0.016089752927079766 0.13418391664748885 0.12517159797603458 0.9828875151430153
1860 3.319508332376672 0.02015830240868324 2.5598082359601424 0.015679979367210477 0.13489562997585564 0.12389131394244225 0.9829589256881878
1864 3.3200521433100496 0.020274153220704867 2.561232438544658 0.015211511499251654 0.13553818046691676 0.12294757479843298 0.9829963913488234
1868 3.3211904685666997 0.020393885726847364 2.5645593587696265 0.01478452735066008 0.13609795826671506 0.12237716697075027 0.9829967408444762
1872 3.3203080804829272 0.02031524870429063 2.561900873273246 0.014285465038838388 0.1368039130288428 0.12188981046612973 0.9829666774479957
1876 3.3203290362719438 0.020315477489433756 2.561980519361077 0.01445255363394384 0.13595107539818113 0.12236081713773896 0.9830240379669873
1880 3.3202824889937417 0.0203083992830936 2.5618765777424706 0.01489346489148051 0.13492644136908513 0.12378880938385425 0.9829798425167877
1884 3.320134539846262 0.020288288727551052 2.5615055645826192 0.015379062344214225 0.13483247057807382 0.12254439120289567 0.9831411706891016
1888 3.319938842380403 0.02026229264167979 2.561044883474187 0.015939278754319924 0.13399314270466697 0.1227860077424879 0.9832168496336811
1892 3.319710984464517 0.020229329139221857 2.5605048623702205 0.016400229322637436 0.13261892434244593 0.12401909470687997 0.9832408237723368
1896 3.317954842206091 0.020035152197562002 2.555917587951243 0.016709194596947762 0.1318473342724253 0.12509911867028445 0.9832025700582229
1900 3.315779542864245 0.020069224636859683 2.5504693158386607 0.016863041224371177 0.13085034246508634 0.12639576156333665 0.9831672986711157
1904 3.313203089838189 0.02018955681871746 2.5442761993392202 0.01662203336731548 0.13091511235998107 0.1259955397409854 0.983214150288678
1908 3.313116778154995 0.01997261260723873 2.543702049154046 0.017424416986402375 0.13045832108608194 0.1270239908738387 0.9831286395454908
1912 3.319883051812692 0.020279060431898994 2.5609218361629678 0.02562364633782053 0.1281159998999087 0.12752178290816604 0.9831927146810656
1916 3.3200415950719835 0.0202724087966781 2.561331094052024 0.034684187237621185 0.12447515173664117 0.12684004234758742 0.9834706642361367
1920 3.3372311873689466 0.023410766961474615 2.6040982892155755 0.0472376721826259 0.1181414919637417 0.1251996451000052 0.9839391439871578
1924 3.33689752412259 0.02356649350103369 2.6031197293980393 0.04891688588950669 0.11648840935353824 0.12462810646695736 0.9841267315948775
1928 3.332974280006612 0.02270213797026638 2.592987004445904 0.04902488786400836 0.11454645316606415 0.12555399324958214 0.9842316115712195
1932 3.330100010929614 0.021335973932857428 2.5842468539988013 0.04831944286241102 0.11389845256896913 0.12467863343678197 0.9844529507844431
1936 3.326626163383276 0.0203331084913561 2.575404163011307 0.04750613845462839 0.11353571860953424 0.1244672020748994 0.984561182972695
1940 3.3243311436400935 0.02006498103828692 2.5703446093351343 0.047432477580977774 0.112329278210675 0.1261849007980959 0.9844844661739328
1944 3.3243599134603117 0.019786077068944065 2.5702617768237372 0.04705332410472135 0.1129702926901316 0.12415610739255521 0.9846872390040049
1948 3.3225620794931663 0.019975141364056207 2.566689940798247 0.048225345255345324 0.11073193974781607 0.12843325753644638 0.9843361478444574
1952 3.3224983798163485 0.01999620643480954 2.566585051922338 0.051685715603898924 0.10660891005958695 0.13495799995698038 0.983742580834047
1956 3.7274434792476603 -0.047485111263845386 3.398912212611677 0.06824074555090738 0.10619032733096052 0.1265839266823691 0.983891927263189
